01000001001010100110110100101011100000110110 10001000111001101101000 100101100100011010010101001000 100111111101010111110110101101000111001101100101100110111000 10011111110 1000100101011010100000111110 100011001011101011110000111110110000100 100101101101111100110110011111110110111 1001100 10011010001100101110101111110010111 1000011010110111000 10011111110 10011011011100001111110101001010110 100110001101011010001101001110110 1000101101000 1001011111111010000001010010 1000100000111110 1000111010001000 10000011000011101111101100 100101100000101100011011000110110001011000100 100011101000100011110011 1001111010011011010101001101111100111011010000 100011001011100001100010101 10011000110 10001110100010001101100 100101100100011010110001001000 10011010000111001110011110010111 10001110101 10011010010101001010010010111101111110101100011111110101111000100 1000001010100101110101100011111110101111000100 1001011001001010110111111100000110011000100 1001100111010101 100000111001110000011011111001111111001001000111001111010010 10001000010010100010001101100 100001100011011010101101110010101111111010111101111010000100000010101 1001111111010101001010110011100111111000011000100 1000100111000100000011111110110111 100011111000110010000000110 100101000110001100111000001100100 1000100101010011000 10000010100010100011111101011110001110011100100 1001100111010101 10011001101011010000011001101111101100110111000 10001110101 1001100 1001101111011101011011001110010111 10011000010110101111100011101101000010100100100000100101010010100100101111011111101011000111111101011110 100101001111000110 10001110011110011100110101000010100110100100010101 10010110011101100 1001101001010100110110100101011100000110110 10001110100010011010100101110111010001 10000001001110011111011100100 1001111111001100111110011100111 100010010000110011011001101111111111011011100100 1001100111010101 10001100101110101111110010111 10001001000101011111110000100 1001101001011110111000011010011111111110110111 100101101000010110110110111000 10010100110101001110111101011010011111110101000 10011111110 100001100011001011110110000101111111010010001010010 10001000011110101001011101011000111111101011110 100011011001010011 1001100 100011001000111111010000111 10001110101101001111000011101010110 100000101100001101110001100001111101111111011011100100 1000101101000101000000001111111110110111 100011001110010110101000111001110110 1001100110101101000001100110 10001110101 1001100 10010100110001100101110111010001 1000101101000 10011111110101000010100110100111000111111101011110 1001100111010101 1001111111001110000011110011010011111111101101000 1000011000011001010010100111101000001101010010 1000100000111110 1001011001001010110111111100000110011000100 1001101001010100110110100101011100000110110 100011001110011000110001001101111111111000010101 1000101101101000001111000111111101011110011000100 1000001110010001110011101101011111110110111 10010110100110101101010010111010011111111101101111101111101100 1001100111010101 1000001110110010110011011111111110110111 1001101111011101011011001110010111 1001101001011011110111110010110010101001111000111111101011110101001001000011111100111000001101111100111111100100100011100111 10011001011101100101 100001011110101010000011101001100011100111 1001100 1000110111111011111101111101000111111010110011100111 10001110011110011100110101000010100110100111000111111101011110 100101001111110111010001 100110100101010011011010010101110000011011000100 1001011100011001010111111110110111 10001110101 1000111010001000 100001111110110000 1000101101000 10010101111111011111110111110010111 10001001000101011111110000100 100010111101011111111110000 1001101111100010011111111011011100100 1001100111010101 10001100111001100011000100111111110110111 10001100000011110110111111101000001101010010 100010000101110101101011111011111110101111011001011110111110110000100 1001101001010100110110100101011100000110110 100101101101111100110110000010101 1001100 10011010001100101110101111110010111 1000011010110111000 10011111110 1000110110101111000111001111111101000111111010 10000110000110000110000111101001000100100 10010101110001111100 10011001110110010111110110001101111011000100 1001100111010101 1000110111101001001011011111000111111101011110011000100 1001100101011101101110011101101011111110110111 10011011011100001111110101001010110 100101000111100010111101010110 10001100010111010010001 10011000110 10001001000101011111110101111111000000100 10000011101101111111111000000000111111111011011100100 1001100111010101 1000110101101110011010000 10000001000011010110110111010100111100011111110101111010100100100001010110110100000111100101111011100100 1001101001010100110110100101011100000110110 10011111110 1000111010001000 10000011000011101111101100 1001011000001011000110110001101100010110 10010100110000011000 10011111110011001110011001010100100011100111110010111 10011111110 1001010100111111110110111111110110111 100111111101110010111011011100011111110101111000100 10011110100110110100110101110110111111110110111 1000001010001010001111110101111000111011010110110000100 1001100111010101 100000010000110101101110011101010111111110110111 10001011011011011010101001101110010111101111011111110000110 1001100110100011010101100110 100101011111110110100000110110000 100011000011010011101010011011000100 1000100111000100000011111110110111 100011101000100001001 10011001110 10000001100110000111001111111110010111 10001110101010110111 10011111110 1000111010001000 1000100101011010100000111110 10010100110101001110111101011010010
ack_aux1111
ux1110
_back_aux110111
@1101101
ingw runtime failure:
1101100
lace_back_aux11010
_aux10111
place_back_aux1011001

10110001
op101100001
mplace_back_aux1100
r101100000
ace_back_aux10101
ngw runtime failure:
0100001000
oop00100
k_aux01000000
0100001001
e_back_aux101000
ce_back_aux000
2.txt0100001010
utside for loop100
ed: 010000010
0011
1010011
%@00101
101101
oded: 0100001011
x0101
ncoded2.txt010000011
Mingw runtime failure:
010000110
0110
p1010010
back_aux010001
aux01001
: 010000111
P%@0111
