00001001110001010 1110000000101011011011101001110 111101000110 111100110111101011010111010 11100010010 1111011 1110010101001101011110000010 111101000110 1111100011101010011100110100111 11110111001110011 1110001100100101100100001011110111101000110101001 1110011010100111 111110010010101011001001100010 111101101111010011011001110011 111110110001010 11111000111010011101100110011110000100001000101111010001111 111110110001010 1110011111011000010111101000101101000110000 111001111101001101100111011011000110010010 11111011010 111110110001010 111001001001110101001010 1110110010111100000001000101100010 111100110111101011010111010110000010010 1110000000101011011011101001110 1111000010111001 111000000010 111001101010011011001110011 11100011001 1110100000110100111001110 111100001010011110010100111 111101000110 111110110001010 111010101101111101100011100001 11100001010101001010 111101000110 111110110001010 111001111101000101101 11100101101011100011100000000011001000001 111101100101100100101000011010010 111101000110 111100110111101011010111010 11100010010 111000111010010 111110011000100001101001110010000111010011101100001 11100001000010111000010001 11101100101110011100110010100001011110010010 1111000110110010 111000111010010 111101011000111001 1110110110010001000010111001101010 1111000010001101101110011111100010 1111100011100010101101100010100111 11100011101110000010010 111110110001010 1110110001101001010001 111000001011101001010010100111001110 111101000110 1111011 1110011010100111010001011011100010 111110110001010 11100001100010000000111101110011101 11110000101001100101001110010 111101000110 1111011 1111000010100111101101100 1110111010010001101100010 11110100111 111110110001010 111001011011011011111000000 1110000000101011011011101001110 111101000110 1111011 1111100110100010010011111011100001 111000010100110111101011010111010 11110110110000101010 1111000110110010 1111011 1111000010110110000111100011001000001 1110100011000110010100001101 11110101001 111110110001010 11100111100011001110011 11110111001110011 11100000010101100110011101100001 11100001001110001010 1110000010101001110101100010 1110111011010010110101100010 111101000110 1110110001010110000110100010 11100011001 111110110001010 1111100011000110011100111100010 111110110001010 11100101010101011011000100011001000001 11100101010011011001110011 111101000110 1111011 11100110011001010110001100011001000001 1110111000100001101001111100010 11110100111 111110110001010 111100001000110100111011010010 111101000110 11100000000010111110011001010101001000001 1111000010111001 11110110110001100 1111000101001100110010 11111011010 11101110101100110110110000010 11100101101011101000100010 11110111001110011 1111100100111101000111110101101010 1111011 111001001010010010010 111101000110 111110001101001100011000000101000000000010000110010000011100001 11100001011010111001001110 111110010010101011001001100010 1110011000011001110011 1110010101001100101110000010 11100011001 1111001101111010110101110101100010 11101101001000011001000001 11100011101 11110110010 1111011 11111001001100101110000010 11111011010 1110100010100001011110010010 111110110001010 11110001011010010110101100010 11110111001110011 111000000011010010110101100010 111101000110 11101000001101001110011101100111011001110 11101100000100110010 11110111001110011 111011101010000101010011001010100001101 11111000110001110110001 1111101100010100011110010010011000000110100010110000100001011010100111010101000001101001111100010 111100110111101011010111010110000010010 1110000000101011011011101001110 11100010010 1111011 1110111010001111000110011100110100111 111101000110 111110110001010 11100010011111100101010011111011011100110000010 111101000110 111100001010100100100100111000011101111010001101010011100001 1110000100100010 111100010110100111110111001 111101110000110100010000110001110100010100010 111100001010100111010001100101101010 11111011010 11100010011111100101011100001101 111110110001010 11101010010000110001011110101001001111010100111011100010 11100011101110000010010 11100111110100111010 1110001001111110010101001111101101110011101 11111011000110111001 1110100000110100111 11111011010 111110010011110101101010100001101 11110111001110011 111110010011101000100100111000011010 111110110001010 111100110111101011010111101101100 111110001110100111011001100111100001 1110000101011001110 111101111001011001001110101000000011011110100011001000001 111110110001010 1110000000101011011011101001110 111101000110 1111001101111010110101110101100010 1111100011010 1111000010111001 111000001101100011001 1111011 1110000010111010101111010100111 1111011110010110010011101010000000110111101000110101001 1110011010100111 111110110001010 11111001001100101110010101101 1111100011010 1111000010110110001100 111100011010001111010 11110111001110011 111000000010 11100011001001011001000010111010110011 11111011010 1111101101111000000010 1111011100001101000110101001 11111011010 111110010011110101101010100001101 11100011101 1110011010100111 11100110011011101011010111010 111000001010100101001111011110100011010100100101100001
ace_back_aux110011
1100011
oop1100010
p1100001
for loop11000001
k_aux11000000
mplace_back_aux1011
x1010
ux1001
back_aux10001
lace_back_aux10000
0111
utside for loop111
1.txt0000101010
e_back_aux00110
d1.txt0000101001
ce_back_aux010
op0000101000
000010011
110010
oded: 000010010
place_back_aux000000
ingw runtime failure:
001110
P%@1101
: 000010000
0010
_back_aux000001
ed1.txt000010110
ded: 0000101011
0000101110
ck_aux0000101111
@000011
ack_aux0001
aux001111
_aux01100
 000010001
%@01101
